57
55
64
61
60
59
53
58
56
55
59
59
58
59
57
55
54
55
58
56
54
61
59
56
54
56
60
61
55
58
57
59
55
57
60
62
62
64
63
56
67
57
56
64
61
57
56
58
52
56
54
59
57
55
57
54
55
59
52
59
61
58
58
55
59
58
61
58
58
58
56
61
52
56
55
53
55
58
63
56
59
59
57
59
61
63
54
55
59
57
58
53
63
61
59
57
54
64
58
60
54
57
57
57
53
56
53
52
59
61
61
59
58
59
57
57
53
53
52
58
56
52
56
55
52
56
53
56
58
58
56
54
61
56
60
57
54
51
61
54
59
53
63
72
57
59
56
57
56
57
54
55
61
58
57
54
55
52
56
53
59
52
55
60
55
54
54
58
56
56
57
54
57
61
58
56
55
59
54
54
58
54
57
61
58
56
68
54
59
57
53
56
57
55
56
62
56
57
56
60
55
57
51
60
58
61
56
58
56
63
54
59
54
60
53
59
58
56
52
64
57
56
55
55
55
58
59
57
55
62
58
64
57
57
53
54
54
58
52
58
58
61
53
56
61
59
63
57
53
59
60
56
55
51
54
54
57
57
54
55
55
60
61
58
56
58
57
60
53
56
56
58
56
57
59
65
57
57
60
59
55
57
57
57
57
53
57
56
56
58
59
53
57
56
58
55
55
57
59
56
59
58
53
54
54
55
55
56
57
60
57
58
57
60
53
52
58
60
61
58
56
59
59
59
63
56
59
58
54
57
62
52
54
60
55
55
57
56
55
55
60
56
58
60
57
57
60
58
57
56
57
60
57
59
57
52
56
55
58
57
52
57
56
58
54
58
59
66
56
57
61
57
54
55
57
59
56
56
54
56
60
61
52
59
54
58
51
60
60
63
51
57
56
53
60
59
54
54
55
56
57
56
60
58
54
56
56
