402554895
235770665
2
387799090
864651788
2
2
859897534
2
261793772
100668043
584418767
900021089
2
282486144
490652748
2
841981097
315948083
2
626730861
149347182
2
834627754
226493623
2
113011405
304484865
59814569
2
988852027
2
2
547342317
2
429059726
2
181854705
2
433423278
2
2
899857734
2
851360711
2
2
2
560519175
212519350
2
2
99007419
2
383883691
2
110236718
2
2
577083653
2
176521791
594135793
2
595897951
97987737
2
188204203
2
684733081
663352281
2
291287543
2
824327617
947746711
2
618993143
230936116
2
93751218
88607474
2
2
2
2
599277819
2
2
258881962
129355386
2
324995469
2
793669370
2
2
888503957
25143224
244856523
2
2
360269274
951644791
2
997565866
2
2
975353876
2
202367345
2
2
867013347
2
2
711522387
987203318
2
2
898098096
2
312555419
2
340375946
2
2
2
2
308380907
2
778675559
2
308860332
503027039
2
563677602
911974887
2
2
578134284
2
2
672819390
2
875897204
2
30714872
2
501782364
2
511030668
2
857576603
51063740
2
248559257
2
2
21369132
149966165
636032099
2
618666668
2
713075227
2
2
2
856131752
2
2
302423359
155085473
2
569457670
2
2
309776335
2
498148577
2
381633472
2
274018135
2
625254114
418265805
2
926075639
2
200073326
2
223701902
41909382
2
2
897395307
2
395985008
162496261
2
2
976513191
236778464
2
996327770
2
707367975
2
981156826
104751933
2
667437286
2
978120819
2
944151592
633316502
2
976697158
2
2
495848748
741015277
572391218
2
777893327
2
2
722214514
273222247
2
980356548
820201797
65763783
2
663041896
2
775590753
187682177
2
746663647
962915257
2
2
560700551
2
2
558276112
2
621667883
2
2
2
2
111528038
2
320540346
314359957
2
2
2
444010692
2
503402830
2
2
498360894
37300529
2
108460024
2
75336472
2
830780075
89956474
732403663
2
946524689
2
437875061
2
420436119
2
992575624
765815853
409446200
2
2
2
628681805
2
2
2
726328512
2
219338976
83202267
