476145895
986510930
103391808
718613689
724298914
783012220
609126494
390883721
569027637
236112145
31940791
367315581
603012549
565153444
621158582
680529772
248320982
480942485
528260866
137244123
738712449
561546716
847197073
90499847
12043420
869838226
524326234
170374567
654326582
572310498
155466122
164759128
944060098
539580563
316260913
400557661
204926287
846323880
548989316
686308596
892366777
206665629
528417310
493586356
535718416
925297437
901725160
882962131
964655652
954491673
130562849
150413326
899548030
425041664
716919655
232331374
682968229
603911970
749489362
440052418
8175093
212282244
946143462
807879236
969076946
693395937
405337079
834457896
946132818
764463020
583965666
276839622
441223618
12872019
711676051
576416499
192435743
683835281
814140884
811742269
728167609
698683798
452945573
452528764
565374062
18499030
776328814
490372841
424157053
301186614
56456416
989351719
817791981
28352090
322793356
80388454
899170770
463927610
880433988
70710627
600765054
114301476
5505155
408887779
500044701
709203070
665310142
11254218
198938074
818576187
656693169
501153524
33106842
139055308
863109382
339187845
340225032
399901895
68779240
436135523
189267213
89359832
84239158
821189941
683103058
988245168
82406465
888633780
540207068
643333853
938333121
105457678
795824796
937239104
835932268
286063734
883288720
768927800
243863701
254757308
205255090
746678475
432377306
22894362
163013839
626396167
408608668
508153610
651114527
978588837
661012307
291607356
718602713
475676059
389106985
79835264
905762800
23486360
588376326
587101962
878205715
690844073
417005945
601232302
974221978
145909782
544409069
993330077
417855041
99440526
386132716
324091638
570952657
774071877
924057434
609311101
545695323
499864229
943071462
149152122
678706630
741658240
561029466
278764209
205476667
269938078
221639846
809343975
879006988
807736953
1724738
352969339
455326907
124200511
596483705
838202619
349009370
662716317
463771717
567620202
417896430
41649286
182991664
559896726
545268229
608035974
827394670
607705048
339739081
195716885
778895737
763844794
517542325
552914789
877135247
704099292
971026836
663169612
217715316
595332541
245995676
999196628
684433039
961325683
470425266
281675361
775943286
38385518
715394893
201544530
560553010
147364876
672559256
125752696
926420733
979542298
271638520
131465893
927567934
934553310
857080676
690067331
398236201
4690746
372265886
247271545
191955117
625970291
733393251
914963936
581866862
583146084
473644048
777840215
594043568
420375892
62258684
533623021
692162247
442264108
881000167
139157117
566406040
619454390
560218799
177867388
865020243
416174326
423927955
259323293
833877743
904809701
663206478
143794053
153836379
137796823
797646351
655771797
292574766
621559941
495527269
643192327
435542225
311412581
999126250
747088012
273168564
692187140
210341167
582511608
132639653
360606449
73545483
2724579
78766287
753497951
688900532
571544197
999377844
