402554895
169011017
668683820
387799090
896283677
912842423
640183970
859897534
883808677
261793772
480140399
719817261
439812482
553536654
282486144
31228143
974135787
841981097
161555382
335404622
626730861
115547013
990483057
834627754
807736135
890341491
113011405
559099290
332829626
436116252
988852027
276505314
247078194
547342317
688174050
429059726
511925726
181854705
951713995
433423278
129455586
770899576
899857734
651271253
851360711
801228731
193271021
841657751
560519175
287919209
478887840
823465141
99007419
443263937
383883691
409124657
110236718
543414571
914729035
577083653
38550518
176521791
607898144
28546355
595897951
673557144
299901014
188204203
193796497
684733081
124222566
522907380
291287543
294574532
824327617
970815976
630028501
618993143
292746169
885785223
93751218
341953511
602110198
622439061
712954849
843113380
599277819
973326709
561492597
258881962
826200417
298892141
324995469
644263798
793669370
486497468
93307834
888503957
237850100
661203271
740827682
33861445
360269274
70873735
969823672
997565866
947541252
204858586
975353876
27276095
202367345
407058558
216049318
867013347
338894951
847433912
711522387
87753761
502115567
957620954
898098096
585348848
312555419
126327130
340375946
556746505
17900101
795897851
411173408
308380907
188101864
778675559
742676023
308860332
595137741
775952870
563677602
754600147
106081642
680911952
578134284
285978276
472760217
672819390
311225318
875897204
73427800
30714872
283247287
501782364
294396464
511030668
218432378
857576603
600209788
676034792
248559257
7171316
210838708
21369132
407582769
103266896
163526103
618666668
139255460
713075227
914866116
360089462
425670746
856131752
123949072
803355143
302423359
674870836
388384215
569457670
298820863
621392217
309776335
865559875
498148577
227192014
381633472
826455909
274018135
110390561
625254114
649790263
952911626
926075639
58095616
200073326
144191353
223701902
99439134
155051512
198907262
897395307
52368887
395985008
34588247
782792151
562945416
976513191
855596874
283146740
996327770
919176302
707367975
36932251
981156826
337403259
208778779
667437286
181147102
978120819
893114087
944151592
796746538
533160820
976697158
425886433
574321736
495848748
356876387
581560445
279399000
777893327
589482208
806581368
722214514
684250807
56031085
980356548
125645136
468000438
426810585
663041896
462954907
775590753
851314024
141075392
746663647
895444094
710480541
271162644
560700551
416879267
991117041
558276112
507653411
621667883
204693780
623063461
561987709
488197098
111528038
692906505
320540346
981113156
649065703
429970528
631185849
444010692
336580758
503402830
980106030
863498927
498360894
940274702
814644192
108460024
909008214
75336472
325045088
830780075
732449386
613941111
150276963
946524689
81330518
437875061
157883113
420436119
79616884
992575624
556171887
718296976
580772732
306146673
410682937
628681805
663734345
533884843
626846170
726328512
167886977
219338976
194896977
