6262
-679879
-858470
-362929
-545741
-380025
-96548
-751235
-855593
-3484
-134299
-999250
-919870
-764271
-699197
-473569
-43237
-574417
-349110
-117301
-488471
-421555
-116245
-380746
-235498
-283617
-774181
-285200
-418052
-750446
-658997
-342146
-773141
-16919
-777274
-705122
-127895
-551679
-26830
-167975
-236379
-49825
-897365
-697937
-774211
-995708
-382665
-81389
-874665
-822571
-958079
-940288
-568947
-79689
-748124
-29697
-732157
-546748
-936436
-23043
-65602
-317793
-499055
-238762
-772024
-579663
-493854
-760788
-260862
-446337
-213467
-724044
-350833
-732162
-194170
-32931
-125428
-143416
-132395
-962303
-840299
-510288
-953013
-438119
-625885
-888663
-607080
-822036
-624710
-299427
-19397
-716433
-113355
-532479
-513634
-944184
-81671
-233170
-507428
-389379
-932041
-367746
-791662
-816555
-161380
-853086
-616284
-47920
-259509
-525711
-898264
-447983
-833873
-608146
-177698
-636949
-358875
-767029
-945239
-889013
-650588
-714501
-963482
-154096
-267931
-502904
-515503
-557906
-346567
-226334
-969335
-715142
-30216
-84767
-583246
-517541
-263341
-382
-907114
-200718
-526359
-844887
-430089
-892893
-155652
-933860
-162841
-937601
-714137
-626411
-755759
-10469
-74094
-111485
-109245
-257454
-434527
-464461
-326644
-791040
-223225
-583725
-621458
-39260
-922234
-501028
-743442
-318288
-650949
-107559
-281568
-902234
-797372
-665120
-190602
-801193
-25799
-472017
-668097
-4422
-30585
-344739
-940034
-31638
-688045
-218397
-400346
-506304
-1898
-995713
-863050
-610349
-282931
-123448
-282418
-64246
-173483
-808008
-303470
-939388
-882334
-135762
-779835
-67245
-718953
-52348
-28663
-254241
-565086
-67432
-744979
-491650
-807467
-622514
-799594
-260020
-23851
-987489
-548141
-710004
-94244
-148588
-149473
-406002
-995437
-129272
-272777
-113074
-833851
-178359
-125756
-666582
-518528
-385861
-388486
-647961
-928613
-584634
-178623
-404062
-698683
-159411
-973991
-38350
-28653
-876558
-366121
-85367
-940605
-286286
-190402
-705985
-39092
-510353
-810082
-971271
-906703
-490336
-318172
-297510
-212655
-492325
-555377
-453594
-749180
-890652
-477047
-333379
-714019
-780725
-983898
-413469
-89187
-973849
-674759
-255732
-813390
-593250
-649028
-173475
-727731
-736643
-536605
-384642
-354973
-466894
-317412
-309173
-196639
-239460
-86460
-318659
-939648
-961592
-332239
-53700
-7794
-222637
-459495
-812330
-384091
-744925
-576921
-466368
-224058
-10907
-960723
-68431
-912544
-103029
-981310
-667331
-581279
-717866
-436251
-135032
-839668
-30407
-923524
-550002
-208315
-830305
-577045
-709187
-669303
-440336
-126108
-776882
-199144
-820862
-776941
-400708
-238958
-31717
-296017
-145432
-9232
-565390
-752599
-140055
-341373
-347464
-917117
-506301
-587763
-547410
-554662
-460215
-969267
-435748
-94356
-322886
-367535
-503909
-563496
-625687
-215767
-983538
-586637
-123202
-992589
-897128
-692670
-900222
-938017
-998578
-941478
-474358
-584328
-420425
-269219
-648938
-769844
-524467
-119127
-798064
-462927
-406427
-564979
-535158
-520222
-628303
-965774
-641072
-682975
-759972
-485690
-876964
-391801
-80110
-345401
-184105
-106356
-923450
-502906
-92529
-258150
-831949
-536960
-141748
-889073
-710059
-554144
-493504
-238803
-602342
-857371
-253096
-373794
-204731
-910030
-672526
-274619
-443817
-966396
-206991
-991631
-211655
-573453
-681760
-569170
-469790
-756099
-566736
-189680
-829511
-839868
-593263
-464093
-588058
-591517
-502326
-50283
-628112
-441612
-916086
-734035
-414650
-709252
-952853
-394755
-886901
-895434
-685252
-554723
-192127
-425118
-422248
-645498
-146988
-885851
-569405
-754576
-423422
-446153
-80085
-619464
-234312
-3791
-932116
-852435
-183671
-102499
-158111
-751940
-841554
-246926
-664296
-223428
-934916
-27571
-786530
-178388
-414584
-786495
-688758
-909667
-684435
-19661
-817163
-854203
-727311
-51875
-750815
-105325
-433575
-277250
-906821
-95896
-957819
-357810
-19517
-839539
-331568
-284664
-405415
-57850
-322426
-908607
-750962
-953445
-924207
-447464
-771829
-745247
-302374
-575722
-942904
-277864
-176945
-318848
-3207
-674174
-885839
-121557
-802695
-175074
-853365
-324974
-225607
-260561
-349457
-526600
-35969
-641154
-264984
-102237
-753640
-376813
-916855
-88492
-954727
-481631
-900320
-2776
-562656
-977258
-871362
-878047
-183822
-922155
-932246
-926007
-942614
-766534
-650154
-74790
-811391
-705197
-809639
-580904
-263652
-603666
-186766
-935109
-310229
-955642
-470036
-291062
-180057
-473471
-43323
-350115
-649064
-84509
-589510
-640614
-310967
-770372
-535745
-900315
-798757
-517139
-508565
-434611
-799899
-60095
-484597
-163500
-219481
-588909
-31833
-520273
-806994
-557590
-430205
-858727
-797617
-847685
-544748
-24307
-253768
-113360
-504917
-541395
-226208
-271235
-129320
-933614
-221454
-835817
-825983
-713392
-383615
-111566
-232250
-397816
-773874
-690625
-492162
-760266
-673136
-710059
-407085
-39301
-916003
-175955
-573599
-998251
-683079
-949677
-832347
-440746
-169234
-496166
-394524
-239952
-591501
-599568
-559727
-709735
-685345
-172985
-305959
-527914
-651444
-302930
-998363
-13074
-518022
-853283
-355537
-287079
-512261
-26996
-302410
-313816
-491363
-8885
-479066
-277877
-785155
-647006
-239
-40553
-688937
-773360
-535825
-871266
-354255
-628338
-161190
-667023
-326109
-686399
-637066
-941480
-858545
-161015
-694646
-620940
-315926
-154161
-636447
-659632
-786568
-672070
-252026
-477203
-307881
-878499
-858640
-691360
-618871
-675393
-203908
-4409
-7143
-80094
-2556
-779549
-617458
-775856
-788882
-840776
-805734
-77229
-36098
-403683
-588263
-882132
-155369
-990899
-82516
-38249
-407590
-965631
-389152
-134342
-439697
-596592
-730156
-260058
-58376
-138127
-690176
-741094
-275306
-504845
-42604
-866985
-210734
-481860
-419509
-625892
-878290
-190550
-73158
-446773
-607174
-682900
-57104
-390820
-829263
-504062
-83799
-129631
-884372
-644867
-696771
-934155
-597481
-621838
-271586
-735827
-565398
-308607
-235661
-117404
-130816
-31258
-42679
-188421
-832516
-741158
-628500
-331992
-598229
-450486
-198289
-652384
-997076
-449462
-86026
-909864
-817388
-199522
-872904
-430743
-567311
-801534
-136179
-766474
-418561
-379701
-388073
-771699
-317883
-188711
-611048
-616434
-243
-481723
-9963
-550526
-248795
-473865
-193550
-983920
-253300
-667197
-434486
-632116
-941923
-495867
-985762
-315300
-767994
-346713
-382569
-707432
-863808
-66983
-936301
-960192
-320551
-445993
-943408
-646388
-534334
-904209
-972169
-30629
-731128
-43667
-992618
-835913
-483341
-628955
-907775
-52366
-360033
-813793
-749958
-164082
-592864
-123129
-754862
-618901
-634716
-458085
-407969
-84426
-186726
-183153
-553467
-782719
-155030
-437931
-893015
-163972
-96556
-454755
-903342
-842150
-71673
-374809
-830428
-736486
-590905
-829986
-552070
-948021
-819636
-851932
-464307
-282417
-625879
-18769
-627277
-334736
-463608
-727949
-335863
-874330
-923360
-118438
-920100
-898926
-241232
-170494
-283566
-92981
-700153
-700042
-863346
-162968
-279091
-99379
-645061
-556897
-563203
-526943
-596336
-185103
-89030
-265178
-784212
-709395
-328603
-658516
-782628
-653467
-397486
-650688
-965678
-889144
-221668
-214338
-404843
-634744
-126472
-446780
-231516
-746384
-33560
-751602
-706496
-123108
-487096
-964953
-610577
-613026
-960871
-760804
-63600
-1019
-995932
-490776
-108693
-215359
-206005
-304145
-414513
-950354
-522
-207382
-32233
-751716
-127322
-363735
-844952
-4646
-853621
-798031
-527218
-290322
-946420
-685166
-220985
-381692
-759598
-265586
-90980
-818998
-261444
-286217
-17166
-810151
-458518
-243899
-643827
-872842
-900732
-14010
-14459
-647100
-42105
-825249
-822138
-72519
-184242
-25308
-272835
-950635
-67736
-510266
-320903
-610441
-908270
-544836
-564087
-270271
-516824
-402688
-670785
-699790
-408046
-448668
-970216
-925353
-478633
-127905
-190712
-222341
-584961
-713619
-233686
-48071
-365032
-418798
-682424
-580222
-970476
-457236
-208512
-522999
-590796
-385256
-654253
-540225
-122417
-17594
-37643
-336116
-172813
-329527
-591167
-399304
-860210
-360256
-922595
-637541
-407594
-615186
-161415
-554219
-84693
-275693
-490700
-912667
-710279
-671289
-406314
-6714
-980899
-343879
-313784
-317478
-53342
-395790
-255310
-752637
-774611
-287400
-982747
-564805
-826977
-176973
-28689
-719846
-313476
-458577
-124792
-722631
-850208
-114055
-158903
-87575
-724451
-682220
-862484
-606464
-889375
-891755
-305874
-630218
-360118
-746915
-406391
-6242
-15436
-666124
-579454
-832474
-66844
-449707
-597832
-969974
-512862
-913942
-62201
-453481
-884288
-492481
-853384
-190553
-803335
-936166
-646161
-499650
-694239
-971692
-663543
-309653
-924336
-133110
-401077
-740236
-844019
-533215
-621884
-699956
-294496
-34632
-140420
-524249
-109694
-952860
-725072
-983023
-209507
-937480
-243350
-438437
-845742
-470840
-85852
-120371
-471383
-837175
-415373
-549622
-760028
-749874
-400433
-186901
-750884
-186402
-739948
-164264
-71768
-257868
-776137
-509413
-558291
-718790
-369237
-5750
-758265
-829945
-529580
-517593
-206390
-347969
-552954
-822495
-795986
-943484
-54823
-326713
-39741
-980413
-449043
-90646
-437340
-453025
-864582
-355231
-367875
-4208
-552626
-858762
-443424
-728754
-563882
-509188
-379357
-879419
-917635
-786544
-748585
-863452
-937258
-74882
-265543
-776884
-867621
-806169
-353803
-998277
-547657
-36831
-137431
-249049
-364608
-891701
-168812
-878502
-106364
-998592
-239674
-21894
-256428
-474011
-910821
-688945
-975392
-158028
-124593
-400922
-114515
-38524
-204691
-882300
-366192
-583096
-969603
-34242
-373784
-527935
-135618
-31557
-387662
-725207
-176729
-456616
-806451
-832921
-738249
-111675
-461452
-289476
-729585
-850685
-411089
-389924
-826144
-764264
-813256
-489167
-453850
-751550
-13475
-294698
-690485
-506750
-400964
-932378
-648076
-439489
-514192
-447996
-836491
-350660
-69175
-466523
-456978
-56334
-741306
-451438
-659598
-489073
-6304
-233530
-698071
-87563
-806867
-27331
-626199
-64684
-418380
-117702
-527610
-651311
-556573
-906663
-678076
-584840
-929757
-929619
-986431
-618312
-932980
-810899
-60995
-739602
-794886
-756183
-204096
-220633
-849815
-776319
-742912
-229455
-721997
-558303
-177010
-765107
-788485
-927315
-582954
-368929
-416059
-477016
-911047
-602361
-537754
-689356
-980470
-178667
-592241
-157269
-732820
-646551
-704217
-366541
-304592
-514368
-389478
-152271
-526913
-105488
-504582
-29864
-477215
-191758
-888628
-134195
-749349
-532918
-168762
-773546
-670236
-349727
-969032
-206349
-964378
-865357
-472474
-969563
-136843
-804663
-606583
-197270
-410941
-116766
-667775
-745028
-314202
-814385
-611480
-728154
-690117
-875395
-883187
-937538
-605475
-371838
-64565
-20636
-835840
-655209
-572578
-292053
-740006
-480089
-917176
-751337
-425132
-136958
-271057
-414415
-640872
-954172
-991322
-861299
-288535
-482326
-366565
-150170
-125178
-709296
-184078
-395143
-421129
-785421
-293328
-965971
-941209
-793112
-513248
-893659
-382533
-366259
-891223
-159936
-391893
-276426
-106049
-447187
-720795
-502727
-282253
-666166
-610768
-988054
-659465
-14349
-700958
-334247
-231819
-499333
-343853
-737103
-776967
-761271
-843879
-238630
-224405
-362003
-492795
-597657
-701555
-989466
-987721
-978582
-429060
-52676
-49889
-976925
-121512
-480836
-646856
-914489
-589909
-999671
-726369
-144062
-27178
-518393
-931948
-267282
-935950
-505294
-302171
-346114
-109711
-589861
-53676
-558819
-15527
-790699
-845173
-753997
-157610
-882484
-147759
-995553
-690882
-266855
-709893
-431076
-466458
-109728
-809288
-342681
-721135
-959789
-831851
-259353
-508764
-53610
-963635
-248811
-595426
-846637
-247520
-777288
-129859
-509482
-136111
-491359
-612771
-182082
-5350
-899880
-375189
-184191
-626299
-44211
-781475
-947338
-267079
-817050
-24255
-546446
-505161
-917895
-893227
-108635
-460461
-373306
-381634
-594221
-416709
-714061
-271942
-98670
-12916
-690140
-810919
-594044
-957169
-144467
-472496
-172379
-344063
-846173
-939796
-779536
-916133
-799135
-463872
-12148
-327727
-414206
-532257
-60856
-232150
-948294
-280864
-952426
-673122
-960664
-578070
-881681
-722056
-760221
-797408
-370851
-62700
-943848
-524526
-417428
-332543
-148396
-953606
-810249
-390305
-564145
-902195
-108127
-389144
-30904
-385444
-882448
-484333
-339667
-23421
-237702
-297002
-106544
-106068
-594134
-351449
-175683
-221057
-860576
-509821
-290517
-753404
-223393
-170305
-929883
-460449
-117855
-550281
-280286
-971540
-403020
-705937
-963851
-489236
-951802
-95896
-282463
-674417
-704239
-112750
-888683
-286867
-577831
-776219
-554783
-547124
-657161
-565212
-653708
-633878
-659139
-719832
-276593
-583864
-876097
-51371
-652146
-491296
-578117
-321897
-815225
-169174
-565327
-281851
-50929
-433107
-451216
-27241
-53061
-11280
-258319
-594747
-993100
-71945
-57148
-829793
-331822
-23810
-761284
-546623
-814341
-456204
-758119
-142274
-409949
-709740
-698625
-521792
-808393
-356970
-858239
-183478
-456072
-934163
-963516
-903797
-660750
-617101
-47041
-461074
-419834
-240375
-959443
-8917
-246575
-821840
-399371
-208920
-771570
-446055
-355306
-566387
-250196
-92106
-173166
-759414
-433172
-605713
-132833
-34865
-288611
-730813
-79537
-277877
-823616
-116407
-233569
-673641
-644014
-675168
-58113
-652085
-764433
-648123
-207652
-423662
-767753
-762655
-409165
-163278
-561420
-346894
-421423
-450991
-647299
-504125
-305826
-112183
-164358
-389709
-353299
-26986
-811171
-204992
-782750
-342201
-924201
-555259
-603792
-844851
-56830
-622920
-72383
-703399
-236540
-301419
-557311
-171226
-899919
-522588
-451750
-910456
-927489
-478737
-953024
-441051
-493993
-647111
-520733
-4900
-206490
-892301
-641282
-74060
-588582
-803440
-332941
-142973
-571309
-978261
-500312
-997302
-289958
-986860
-463882
-562574
-844408
-325228
-410463
-932387
-378241
-64520
-196482
-570011
-141916
-122637
-868580
-13717
-344520
-105041
-425892
-784580
-770775
-146394
-167224
-221189
-751682
-388921
-239835
-532018
-615894
-267559
-482468
-306562
-900927
-688681
-692081
-865302
-529051
-865697
-350986
-534027
-266566
-744175
-781968
-161835
-502219
-453964
-449549
-232911
-841814
-809113
-641068
-781962
-684616
-484742
-649509
-819483
-614701
-714800
-763772
-643887
-978081
-651599
-952669
-602682
-910415
-305674
-53542
-393574
-728090
-688476
-521718
-709454
-673676
-588696
-572407
-7984
-707410
-461087
-805878
-481048
-909757
-50774
-151748
-221113
-978210
-904875
-671490
-699282
-995770
-732761
-563562
-531396
-27427
-551521
-494486
-714236
-175149
-973131
-299912
-810027
-514802
-389019
-663650
-587219
-336152
-333645
-764548
-447838
-282334
-183447
-471182
-81200
-735940
-369860
-540059
-928481
-842421
-952593
-363284
-327560
-747910
-874121
-53792
-614499
-93273
-467064
-701250
-877203
-162767
-634366
-256289
-180384
-523334
-668592
-19424
-263168
-187509
-239480
-783542
-201608
-743541
-619232
-198188
-711050
-661612
-23484
-794665
-811261
-919921
-688807
-406667
-611753
-398963
-44938
-610781
-396348
-324497
-385578
-122940
-445534
-679731
-570644
-172685
-235347
-720479
-655891
-824195
-998701
-441876
-51767
-903498
-891127
-669314
-829043
-143951
-552562
-728603
-347621
-586328
-211109
-857482
-663202
-260597
-979637
-779316
-441113
-726889
-563
-262356
-421534
-720262
-128908
-199749
-757341
-848277
-577574
-836472
-191329
-812500
-997812
-489987
-663266
-472329
-358128
-398713
-104588
-501529
-381633
-847185
-156159
-707553
-649861
-173639
-675822
-716969
-707625
-706091
-390275
-643853
-577113
-648789
-489879
-32841
-692866
-269104
-201003
-155272
-120190
-146732
-543890
-628751
-891304
-711331
-270643
-688559
-664617
-395082
-786620
-742369
-662983
-178506
-937062
-606519
-555162
-185461
-761415
-908991
-888558
-477597
-10004
-929576
-469987
-308840
-990792
-644149
-389103
-547086
-915034
-700648
-9285
-697541
-965027
-165737
-305107
-305110
-261872
-163941
-688227
-20737
-888448
-489764
-564138
-647962
-531826
-984924
-879382
-569232
-927358
-798481
-516724
-105563
-92419
-844627
-216658
-482306
-452640
-687454
-733144
-604362
-369850
-611829
-913767
-877892
-379007
-182858
-620782
-882822
-84758
-321926
-637804
-204875
-564755
-510768
-953692
-276961
-902320
-525870
-150345
-685493
-660583
-365429
-570262
-802410
-734551
-476470
-932747
-674436
-220615
-516062
-126655
-701596
-253673
-580549
-151654
-480305
-537418
-75061
-584360
-786415
-136932
-108387
-704906
-422055
-927628
-781227
-491644
-57960
-216374
-239068
-884104
-41232
-643239
-477400
-338105
-104183
-125638
-28555
-999036
-611951
-749046
-887221
-542121
-483195
-569331
-79908
-97824
-657461
-285054
-517424
-815152
-886486
-390677
-737040
-475069
-400910
-959560
-367982
-778454
-123080
-376397
-682562
-860520
-491216
-420030
-817486
-6179
-182400
-1816
-765922
-798732
-48079
-650229
-360906
-925667
-308837
-590578
-478278
-990751
-796157
-891019
-683784
-102833
-974177
-826253
-743275
-975231
-713306
-840955
-48412
-610027
-134178
-809892
-660450
-482901
-10876
-604809
-666236
-201426
-74933
-219159
-866381
-589358
-302784
-246038
-2477
-417334
-12834
-121305
-837644
-655179
-589655
-426596
-591867
-831159
-355359
-840961
-900261
-198123
-867827
-353874
-199985
-434522
-954876
-889428
-861002
-688663
-663808
-547684
-367901
-890962
-722030
-363664
-123583
-462191
-93199
-16338
-319909
-700460
-448124
-909626
-116642
-19843
-878117
-671451
-135592
-984942
-260298
-139
-614458
-721589
-551527
-930594
-490762
-898189
-672
-823646
-719316
-652596
-604089
-847889
-324471
-756521
-840602
-60564
-366532
-865689
-586902
-512770
-36256
-250627
-476710
-571846
-151655
-746427
-54401
-88636
-110080
-851691
-642127
-754090
-51388
-354540
-792332
-999734
-230490
-510649
-938870
-579926
-580394
-662204
-248003
-370516
-119959
-4192
-755584
-44426
-66868
-981418
-767858
-105177
-107380
-949537
-935388
-643426
-739776
-923684
-186629
-889057
-307918
-177500
-388568
-287457
-864848
-149942
-134752
-618006
-23120
-310283
-756495
-765391
-811484
-930922
-449501
-247153
-776468
-411949
-359077
-103041
-163651
-791804
-468822
-724327
-439019
-796270
-481027
-595843
-289271
-594333
-331784
-619263
-660068
-104179
-84199
-875696
-939950
-565409
-975274
-524071
-321683
-950151
-673596
-429962
-55945
-530734
-155013
-880374
-472177
-185335
-641417
-159490
-857849
-515737
-841775
-377931
-263157
-32422
-830598
-884574
-714380
-504024
-761184
-418749
-782551
-838128
-361674
-733826
-53286
-95908
-749229
-582231
-819144
-883730
-181299
-704968
-358682
-879342
-123460
-726275
-378775
-276351
-995904
-806553
-833868
-64996
-35195
-268473
-982719
-242264
-166224
-771232
-168970
-423401
-856661
-313154
-458181
-786161
-338963
-527462
-223576
-279820
-811945
-927997
-613786
-228879
-780958
-894517
-985805
-768752
-340173
-868428
-100440
-177664
-38219
-321690
-386309
-557464
-353587
-32135
-749655
-498309
-406302
-908657
-146260
-735844
-219404
-819999
-406153
-164884
-447498
-256484
-334836
-457786
-600796
-248117
-851972
-432167
-512385
-624664
-477660
-202243
-413495
-144222
-778317
-835958
-311429
-75399
-49359
-866265
-586607
-956480
-813461
-996047
-594934
-997362
-69518
-590208
-202812
-424732
-333694
-138000
-383143
-175666
-833843
-124837
-445027
-609385
-984989
-164827
-71543
-977813
-567933
-606290
-524379
-301122
-79892
-265121
-937660
-274562
-242818
-636028
-218936
-678356
-982812
-369176
-760726
-854508
-733341
-76431
-640222
-732104
-42267
-108930
-540589
-60024
-526377
-355473
-992748
-545542
-18373
-504067
-199968
-568461
-198903
-885915
-65390
-478074
-654860
-958458
-130763
-522860
-195601
-631139
-765371
-296993
-939453
-558306
-505408
-17486
-139910
-442798
-611391
-688542
-313789
-709776
-667924
-948488
-641492
-247409
-320523
-243853
-577817
-117311
-670798
-949103
-555738
-553813
-984073
-859933
-590118
-974798
-453506
-111470
-823893
-503785
-349098
-123553
-143188
-941271
-663953
-298484
-93989
-757610
-343659
-381158
-303125
-633042
-6068
-401149
-22450
-941331
-83725
-193180
-632170
-986844
-424339
-426383
-985894
-17322
-588115
-661372
-182286
-775053
-173890
-269448
-397614
-446544
-581407
-794848
-778146
-909838
-660286
-764685
-508211
-822065
-226628
-141441
-320517
-541368
-856787
-944409
-877378
-894501
-669293
-52830
-846741
-776680
-262585
-647063
-27433
-567534
-386659
-211701
-266051
-960613
-894302
-108976
-751560
-21997
-139033
-566157
-982246
-805533
-881197
-920214
-695741
-322124
-899078
-417036
-197116
-964765
-175757
-548279
-197360
-537953
-153436
-91681
-81216
-655038
-154465
-645506
-893887
-187612
-781570
-307061
-742662
-230984
-538739
-482698
-14657
-666224
-912860
-752941
-14834
-475672
-957253
-476944
-750370
-161247
-706861
-930900
-22886
-680331
-452130
-108096
-748811
-242362
-448326
-718040
-368263
-204201
-181240
-716813
-39900
-636774
-693690
-48438
-791586
-552913
-628277
-357586
-791945
-377414
-580657
-940835
-291387
-288058
-791898
-118737
-155828
-667476
-10769
-956012
-237581
-310730
-39195
-186593
-971876
-51938
-945884
-755736
-472945
-205355
-407475
-998871
-153399
-819580
-37053
-51601
-660330
-224729
-77893
-254143
-527626
-326669
-602112
-775047
-936216
-553022
-756646
-740741
-596200
-972313
-225759
-155628
-878466
-216224
-293560
-424764
-283748
-815747
-731381
-932274
-612347
-640911
-284123
-789532
-708725
-659329
-152682
-282797
-355502
-623957
-986457
-447643
-451002
-916665
-85833
-584549
-565357
-917200
-308826
-168546
-545899
-976126
-350183
-349716
-631892
-970016
-513185
-168766
-691733
-34235
-70618
-228537
-840301
-402982
-89472
-108592
-907203
-490164
-497001
-608277
-934329
-668192
-475129
-221315
-513988
-332845
-474690
-615956
-620557
-542209
-930810
-49717
-239611
-750164
-457845
-761454
-432435
-240883
-703810
-631235
-664105
-60763
-622089
-749501
-759678
-65265
-597634
-669477
-325052
-15235
-964311
-765060
-473360
-658613
-228861
-966108
-554986
-168578
-417881
-576122
-340846
-798419
-757242
-989487
-45906
-214043
-515625
-413761
-235022
-726844
-66685
-548381
-15442
-651207
-446004
-383794
-484956
-571094
-815437
-614615
-196621
-386850
-618104
-28568
-905762
-605418
-688615
-628376
-311878
-554134
-717453
-648953
-212446
-400862
-969573
-73083
-748989
-343959
-658877
-831655
-36348
-506901
-489208
-30923
-466577
-999212
-224739
-361872
-619620
-147032
-801373
-865240
-824862
-228290
-55698
-174940
-18134
-110986
-165187
-359072
-559689
-937456
-819546
-595562
-351678
-726247
-452144
-977032
-905654
-380713
-232168
-788039
-200319
-605948
-386756
-655459
-952708
-294773
-220568
-949085
-119958
-511899
-33627
-473382
-183999
-337404
-675310
-73612
-100780
-512047
-135437
-89514
-702707
-64599
-624065
-21011
-451766
-283117
-157136
-668688
-43858
-253065
-63007
-66858
-488283
-265511
-128460
-160327
-432360
-400014
-262890
-919773
-954364
-364609
-924927
-319080
-724755
-774048
-899607
-952570
-103735
-707749
-828489
-541403
-280190
-969477
-496305
-65467
-252785
-11741
-726565
-475454
-447860
-347333
-635163
-824319
-406088
-625719
-765781
-758529
-442981
-930778
-799115
-60122
-62718
-594617
-603280
-882887
-197883
-81333
-737991
-36027
-403996
-322819
-835352
-960336
-315698
-106671
-720986
-750167
-737465
-956433
-835964
-445471
-132470
-72555
-40758
-827561
-238309
-75600
-240910
-554866
-744828
-963777
-961083
-584007
-568081
-17318
-992878
-17532
-418089
-459803
-699217
-806374
-339113
-299349
-298767
-286266
-731240
-18535
-553579
-832757
-36238
-298062
-986924
-635179
-195073
-659964
-215472
-223912
-195744
-498158
-535815
-169590
-261448
-152244
-295385
-490845
-571097
-339130
-495683
-307241
-667530
-147225
-803503
-288738
-571588
-252946
-965892
-240773
-320731
-682310
-828013
-548576
-974634
-261139
-257250
-730797
-9373
-380515
-272586
-684930
-926144
-84596
-590565
-705378
-120702
-876660
-655847
-561127
-43643
-20727
-699317
-209239
-453933
-651004
-642351
-723754
-507072
-477952
-262882
-990216
-537465
-305868
-423400
-196665
-745096
-178842
-123267
-882450
-182366
-568934
-876804
-121143
-956604
-109852
-408
-525532
-463326
-249255
-455289
-653499
-917032
-510496
-976612
-529281
-149706
-355613
-958850
-219475
-427492
-26180
-132664
-868757
-715856
-51018
-386929
-42518
-816093
-911175
-936011
-909539
-277839
-10977
-954015
-590831
-970060
-409866
-946724
-851561
-376605
-493436
-674616
-339028
-989315
-516046
-499436
-685800
-362399
-278016
-174045
-289659
-833365
-614192
-292851
-375668
-69012
-875209
-456382
-806362
-168184
-266392
-504225
-924622
-565439
-390459
-971398
-480748
-701203
-994996
-214855
-647842
-988958
-163650
-469611
-52973
-973855
-766882
-540759
-232047
-651448
-321856
-262273
-784473
-255588
-775553
-745737
-785837
-421327
-631936
-753013
-820984
-99457
-454528
-984207
-761363
-547532
-461696
-729697
-824484
-709410
-106051
-482045
-564953
-270944
-942236
-181181
-489634
-442835
-489085
-573245
-198235
-308291
-626769
-815462
-289237
-254675
-258850
-741108
-735871
-384813
-276369
-211874
-65801
-281335
-295685
-962480
-984100
-611690
-931346
-93492
-7517
-736652
-617384
-660890
-28747
-778712
-311983
-955755
-619912
-752315
-709182
-940800
-189916
-786248
-530198
-329002
-308039
-231874
-712003
-218749
-247165
-237031
-174130
-887348
-435290
-778956
-782445
-431151
-141181
-211174
-386494
-381249
-415478
-150426
-634316
-129152
-465484
-343488
-730579
-402853
-604378
-431577
-265228
-953371
-259273
-305913
-82345
-131268
-845933
-700969
-835025
-202860
-837393
-747171
-725367
-17202
-579706
-511163
-899764
-411297
-29665
-468963
-294695
-481516
-226031
-87466
-349844
-912097
-443751
-991470
-612675
-35103
-541349
-344587
-547315
-371286
-383862
-29536
-607731
-636611
-836648
-933057
-699628
-17214
-249281
-859712
-457742
-763902
-119257
-173040
-671453
-687847
-852624
-655735
-250388
-418677
-615136
-99347
-528171
-619964
-743896
-162875
-322777
-23976
-500211
-678969
-586269
-609511
-336335
-305468
-566126
-584881
-785308
-539897
-459589
-344319
-611794
-673133
-353214
-485328
-190474
-698500
-518212
-115288
-598503
-770515
-66213
-921098
-581237
-338985
-867632
-47493
-3356
-619029
-232878
-216593
-860341
-517878
-861007
-300272
-901600
-693208
-634332
-926131
-943310
-659925
-179125
-44663
-697500
-362367
-182065
-444075
-616919
-776900
-171296
-182522
-181841
-179854
-282287
-341124
-679236
-9836
-218167
-352494
-533998
-908995
-486461
-268281
-196858
-508283
-965583
-988896
-13691
-811279
-416784
-347476
-558849
-667371
-388937
-185915
-417319
-580371
-750227
-412622
-653624
-61911
-461892
-797424
-632460
-633101
-551191
-323077
-192265
-482532
-238887
-218773
-410106
-183446
-33823
-150703
-447911
-99103
-748628
-80330
-783328
-367401
-690481
-157517
-901653
-519892
-910124
-735006
-625764
-568829
-487937
-130784
-307794
-741266
-243034
-689296
-803597
-414604
-945907
-226448
-434490
-698521
-743619
-684915
-527171
-811565
-900532
-131411
-502574
-7276
-884195
-674771
-651508
-347649
-61426
-640984
-48042
-359060
-251566
-793503
-518967
-292417
-167562
-276184
-340235
-901159
-396826
-632446
-287034
-375411
-61092
-403761
-228917
-980812
-561243
-785439
-472790
-13919
-313745
-620073
-135309
-15408
-357814
-599313
-689182
-581996
-637526
-370114
-851278
-214564
-829562
-576871
-916243
-691899
-45179
-846564
-633792
-284917
-655255
-887581
-989661
-930865
-693456
-278204
-70337
-414215
-582837
-611548
-633667
-305803
-874236
-2581
-450994
-993520
-691601
-454258
-972655
-810020
-469420
-801945
-69077
-442367
-468883
-826229
-989596
-348931
-521117
-147042
-283874
-716685
-908742
-877923
-730177
-253918
-343638
-874970
-511722
-105326
-895859
-500442
-278150
-825794
-238411
-67953
-711114
-904112
-403524
-333048
-414301
-119400
-383326
-356407
-962967
-302824
-297942
-250888
-106879
-894765
-334168
-801068
-806135
-22472
-905027
-571086
-474182
-969468
-297598
-184005
-92609
-146321
-681538
-416522
-59619
-512243
-136707
-361204
-336411
-828895
-157261
-883946
-781333
-818053
-120423
-365235
-713358
-100041
-581902
-433858
-512279
-368150
-135366
-992844
-79726
-526129
-767514
-250446
-478801
-743273
-394703
-535918
-129185
-374279
-814190
-648739
-227541
-394581
-877490
-827524
-170823
-16848
-630347
-861131
-850281
-534516
-300073
-175920
-158382
-362313
-894584
-569730
-429155
-113351
-844225
-236441
-924198
-201933
-191782
-730885
-161897
-839294
-447739
-594284
-511865
-107469
-829738
-386244
-488417
-87035
-413439
-590189
-745692
-691446
-877706
-727040
-392307
-426770
-627771
-528192
-578910
-38830
-33785
-954451
-947416
-519718
-409063
-445225
-785900
-24438
-116443
-377685
-562197
-922316
-826410
-9209
-333229
-375912
-278341
-917480
-416457
-475356
-411315
-917872
-784393
-704488
-704548
-582103
-557481
-633777
-989276
-535514
-680946
-870301
-503932
-269421
-157714
-836625
-826432
-482198
-853048
-220027
-330927
-928853
-955961
-903172
-156665
-984139
-148025
-39617
-343306
-762862
-866335
-604340
-476447
-450123
-39703
-613399
-784271
-466341
-621799
-309574
-178284
-295456
-108623
-242525
-836695
-195905
-746538
-972345
-617604
-298970
-640778
-711840
-98605
-537811
-512890
-624800
-777285
-319493
-775331
-930205
-772750
-172922
-589225
-162921
-369732
-354933
-747449
-360410
-427560
-690783
-803951
-32255
-414525
-251797
-416264
-414143
-980112
-35879
-118337
-220770
-663886
-934122
-284500
-758082
-575344
-203594
-417965
-811461
-282887
-760844
-759556
-395510
-542684
-432432
-357428
-661338
-961217
-633483
-109801
-341956
-28799
-634454
-761880
-812576
-389275
-355523
-79746
-650977
-762299
-128102
-883142
-777219
-276649
-933164
-518124
-771417
-444785
-116540
-935346
-907291
-113654
-14332
-352910
-266309
-841912
-690606
-105039
-72489
-458586
-949392
-182853
-991805
-147026
-55989
-774450
-434609
-321041
-296169
-95048
-933176
-49945
-287422
-764106
-738875
-791298
-628153
-473440
-685798
-867113
-216991
-701741
-165728
-866501
-62913
-695320
-677374
-18713
-332965
-216448
-655760
-61740
-393098
-796089
-525330
-421956
-771995
-965826
-441815
-164296
-514710
-189682
-45040
-303949
-150135
-126966
-24740
-897881
-655192
-850428
-923777
-428270
-491607
-424101
-706238
-742357
-524891
-936609
-389596
-374111
-772987
-549463
-418934
-783979
-426316
-337859
-220250
-214746
-385646
-643101
-906086
-114127
-883051
-184221
-392559
-718182
-514083
-450086
-313767
-570219
-962796
-778452
-4718
-670599
-89638
-223182
-164444
-821935
-880442
-834480
-947628
-854534
-196171
-417665
-617930
-638570
-561254
-263620
-5278
-711134
-673204
-95853
-913915
-523144
-828258
-439128
-900510
-15173
-485600
-538160
-676275
-68028
-863507
-184260
-608330
-620254
-548436
-945600
-76875
-717072
-206176
-896327
-557389
-715806
-200298
-564643
-97430
-749723
-744538
-632471
-848997
-765069
-548703
-510246
-615621
-278454
-323925
-222586
-706594
-72832
-94475
-291875
-445940
-33716
-492248
-914181
-649866
-637851
-827583
-130987
-868391
-447289
-477572
-708801
-617806
-256637
-850537
-978161
-68007
-220732
-852748
-708032
-77343
-946748
-643015
-153964
-422861
-333963
-796214
-582670
-723718
-175260
-839716
-39410
-305754
-564369
-279380
-882502
-725325
-936932
-486698
-768400
-823960
-897394
-598130
-578200
-765053
-145332
-150338
-959743
-515572
-438176
-680525
-694896
-314815
-45278
-764858
-37021
-544236
-475826
-494969
-967208
-816616
-585038
-423490
-646143
-285940
-748151
-774314
-813966
-326442
-625327
-725338
-55948
-757599
-500760
-862336
-903782
-278423
-913473
-449821
-908243
-669491
-221114
-481616
-478060
-273964
-471277
-531932
-830073
-764094
-67251
-374920
-905226
-861779
-233745
-928104
-38811
-121543
-60989
-382613
-654300
-998456
-361912
-678304
-422948
-51671
-1697
-14380
-125228
-159122
-342693
-97414
-903551
-984757
-933223
-280090
-189281
-991750
-956206
-703648
-252244
-600822
-216478
-250079
-693827
-100102
-802147
-612346
-346478
-18550
-143569
-858493
-144621
-550498
-834349
-737259
-579580
-820511
-679178
-819642
-76923
-403040
-735721
-273442
-966430
-592598
-389468
-221656
-605794
-800273
-307728
-288850
-666247
-63612
-160842
-381917
-54866
-442150
-709721
-996606
-561392
-715492
-67031
-649345
-806446
-921222
-502137
-653981
-935486
-317202
-460141
-571487
-64665
-56755
-756764
-62504
-129672
-1636
-705251
-419122
-285807
-157356
-975784
-818302
-270912
-79201
-192247
-174308
-544350
-244736
-190677
-647174
-318356
-444270
-915105
-879348
-242401
-414449
-266022
-484892
-478758
-919494
-354398
-416756
-375550
-982911
-522897
-898847
-999750
-182902
-828303
-227727
-639699
-728266
-501980
-671163
-385679
-433448
-980028
-121453
-179812
-633434
-568831
-700022
-131756
-330588
-146620
-312276
-458081
-367329
-603814
-158438
-685897
-610736
-586936
-40465
-993024
-340787
-221993
-224010
-385740
-914326
-816331
-285553
-927797
-257128
-15237
-395515
-538331
-873897
-647290
-908401
-206880
-79563
-471537
-21851
-388864
-963483
-64203
-119856
-567089
-157336
-719047
-247136
-116944
-732604
-637179
-444255
-162752
-975878
-134313
-301476
-525482
-546550
-640547
-731348
-929618
-8262
-462787
-186315
-800401
-941613
-920474
-79828
-476760
-11923
-307057
-338175
-13780
-934341
-233262
-855801
-382614
-27325
-21174
-748577
-282976
-530882
-888448
-939103
-941917
-126817
-828360
-245764
-802413
-799380
-741103
-719817
-478126
-341341
-682250
-25382
-621212
-957961
-957593
-372971
-311836
-14827
-833232
-547009
-69114
-850414
-875900
-107659
-541352
-701860
-33210
-292956
-738721
-748057
-538438
-890332
-427751
-891492
-280006
-477832
-516406
-144013
-902088
-537156
-780105
-6003
-36212
-258922
-321117
-631138
-846208
-605845
-808600
-30257
-633936
-305712
-760069
-650895
-584834
-184224
-427250
-445385
-199903
-62916
-510210
-31973
-455449
-681190
-556847
-600640
-856855
-877690
-504237
-165606
-292857
-826554
-605141
-914904
-660643
-448314
-562620
-386089
-574865
-775312
-118713
-349944
-123537
-162468
-568360
-463667
-547069
-74556
-381719
-730592
-759729
-824998
-257282
-739039
-415770
-736414
-452093
-206860
-895144
-209576
-610023
-684517
-479590
-300384
-882390
-792030
-439961
-534443
-178583
-616196
-125075
-323826
-657562
-496030
-575308
-782249
-121585
-378635
-812068
-471333
-83549
-489893
-941289
-54161
-317674
-328536
-369591
-13620
-855187
-276388
-133594
-259752
-372628
-123223
-944643
-200702
-896814
-432675
-954924
-157149
-989090
-803420
-964823
-272071
-542300
-403351
-544249
-751475
-365089
-20911
-129740
-796192
-205372
-693156
-93366
-429329
-98915
-901419
-959576
-109480
-114515
-566374
-311813
-814470
-585995
-454934
-235774
-651378
-293129
-558604
-596781
-483451
-583305
-972367
-57690
-994795
-945289
-392605
-758144
-74220
-886375
-945958
-251326
-337556
-869538
-118069
-536593
-693235
-674859
-570563
-259278
-198656
-519843
-793828
-606297
-559434
-558522
-760091
-396913
-983397
-83957
-243620
-865157
-284640
-466693
-625629
-471702
-504718
-246392
-62353
-956956
-135583
-782110
-481464
-986918
-372177
-7217
-396618
-133253
-542696
-430355
-714480
-630547
-499457
-474793
-370890
-552668
-725882
-732793
-411099
-573556
-644661
-317330
-181510
-898723
-985521
-664907
-949567
-800642
-475201
-781803
-661680
-691700
-512001
-146092
-838154
-827598
-408077
-525036
-719946
-623683
-69973
-722025
-314619
-899591
-495484
-653781
-136420
-821130
-338700
-73375
-861482
-506029
-788543
-913572
-435363
-162092
-248614
-488163
-402040
-909486
-456571
-816748
-675195
-913048
-833819
-223586
-705650
-111657
-150990
-948241
-958754
-223209
-501011
-8902
-223825
-731898
-496261
-770982
-630952
-178343
-885335
-159856
-691727
-263275
-53798
-139403
-671581
-37499
-543994
-262058
-862710
-100073
-841420
-435017
-378968
-420597
-368652
-693324
-834938
-235790
-489157
-569018
-895676
-240544
-816145
-835086
-367099
-472640
-757122
-289547
-948779
-980390
-634294
-117892
-608996
-59434
-257118
-748031
-22221
-612095
-545265
-259462
-506037
-834999
-42376
-783208
-19373
-696717
-138700
-336262
-58955
-654791
-895475
-722730
-117346
-652229
-371492
-30628
-947324
-720271
-357774
-527796
-530488
-861284
-283076
-212236
-502963
-421250
-730224
-146878
-836320
-793259
-42903
-245101
-215641
-84314
-628703
-127031
-491844
-193987
-73876
-414662
-767675
-868095
-822758
-783459
-920840
-678287
-529444
-329112
-451761
-354689
-618003
-505292
-726218
-1405
-291973
-457264
-751117
-703524
-487369
-164995
-655994
-574234
-485132
-349416
-708023
-655322
-689329
-44692
-122282
-997610
-217712
-262915
-269337
-588498
-402076
-850251
-637097
-596812
-806165
-675903
-484901
-216853
-984602
-508418
-1198
-593604
-895107
-445179
-198513
-88053
-37014
-478133
-628568
-102872
-156445
-798545
-623663
-784855
-174949
-958085
-895734
-199770
-700765
-997495
-969297
-712473
-507974
-102613
-383756
-105022
-649046
-362047
-321688
-60484
-90642
-142523
-482619
-849271
-600567
-725294
-575285
-337241
-693505
-642876
-660153
-501649
-865160
-355491
-998687
-572799
-188961
-717726
-185409
-923321
-586242
-269093
-19380
-199642
-947560
-389878
-556626
-275345
-755484
-402044
-235009
-393146
-926426
-579678
-328207
-415383
-702352
-123378
-976435
-395431
-374225
-954493
-734996
-631077
-771580
-424516
-626096
-834490
-570184
-617733
-31971
-543172
-72123
-145787
-225988
-114924
-444671
-257018
-780448
-197104
-924680
-311295
-445283
-653459
-363002
-340606
-674142
-985533
-595178
-875512
-257267
-624302
-607914
-443190
-653575
-156206
-56944
-465605
-66354
-141599
-881627
-35976
-431812
-111215
-570914
-253652
-993097
-598555
-964666
-843936
-252425
-189621
-120549
-615220
-46739
-508300
-897184
-29967
-224807
-310178
-455764
-677385
-275531
-226769
-446190
-301581
-793681
-681669
-806590
-501966
-278080
-715681
-506541
-562808
-440441
-48248
-534296
-148254
-835155
-273234
-965604
-837737
-14516
-945289
-692031
-642647
-26669
-888392
-734974
-407433
-995250
-741894
-31908
-177691
-754838
-235976
-219013
-180918
-389377
-186111
-947423
-147720
-292959
-716359
-74299
-470222
-88194
-716385
-681213
-617113
-128592
-510891
-696245
-880704
-177554
-589416
-861906
-360272
-93688
-809206
-923730
-466128
-756865
-422933
-254398
-81512
-824516
-455996
-502117
-297433
-252554
-661248
-755780
-833964
-524960
-63055
-229434
-797226
-17519
-250751
-625383
-687393
-678392
-122800
-392796
-948880
-556909
-206536
-289863
-152342
-606170
-285901
-18556
-585671
-883645
-63589
-584287
-661830
-828066
-882721
-329634
-168601
-966173
-763024
-588808
-752164
-22429
-502406
-550318
-231111
-859154
-587715
-250423
-316549
-378045
-862861
-550336
-700302
-561586
-141444
-605327
-850805
-912516
-965148
-951173
-862166
-860762
-76387
-647496
-965670
-935868
-261744
-304223
-720997
-932684
-588795
-548697
-116860
-627166
-129888
-166800
-171338
-312958
-753202
-624765
-571375
-822197
-87061
-255651
-469440
-511689
-389038
-182675
-561474
-93375
-932768
-294609
-428216
-610969
-573660
-397810
-609332
-328046
-937770
-334624
-313200
-872938
-581168
-716832
-692675
-377463
-335991
-838777
-221656
-87929
-571705
-637250
-962266
-980022
-662067
-992345
-92530
-864891
-410626
-598511
-622666
-8700
-218857
-35996
-608406
-64431
-132046
-348000
-417287
-60326
-972483
-220910
-213864
-360230
-798600
-237778
-631526
-338050
-603041
-509957
-24097
-555830
-994583
-557838
-539899
-949318
-664323
-652092
-531556
-769217
-805283
-489316
-394568
-364029
-55868
-255139
-838084
-689082
-878901
-939285
-953635
-393873
-138623
-252712
-175730
-765826
-77070
-664728
-792566
-271808
-866917
-236509
-606806
-765768
-263464
-564124
-608757
-122817
-617269
-573902
-184746
-914015
-728083
-778886
-945242
-675220
-230370
-720515
-536787
-290143
-333643
-871649
-480604
-158018
-748984
-970272
-54536
-109258
-578841
-378947
-6172
-250620
-651095
-32471
-745702
-22232
-129389
-353981
-193867
-38568
-711844
-704026
-474979
-121689
-280477
-868236
-308938
-591440
-941533
-148014
-181145
-348787
-567468
-359768
-551568
-710848
-744249
-625556
-145443
-635115
-823588
-296887
-43368
-798044
-789592
-632157
-961375
-364849
-417324
-604801
-530198
-939625
-740725
-93555
-979716
-101746
-327155
-466416
-976549
-303505
-375038
-206604
-41504
-490547
-61046
-707080
-263291
-278569
-98289
-217919
-329557
-50175
-440315
-997762
-962000
-776663
-732620
-712452
-8293
-541282
-999320
-735215
-521461
-17119
-22969
-477029
-303635
-176282
-195252
-456782
-936179
-527103
-106228
-279962
-862190
-690850
-848780
-865129
-204744
-90758
-835968
-270398
-629136
-998981
-549081
-348357
-819115
-264635
-46861
-361724
-341879
-532668
-795775
-648960
-740310
-965390
-601312
-983173
-253356
-582390
-669238
-492998
-53191
-904475
-184546
-106213
-945965
-553392
-754929
-368069
-479789
-611492
-219272
-315222
-256177
-707289
-791634
-13640
-810645
-26933
-990755
-436428
-858790
-277516
-709311
-388031
-379877
-847576
-447668
-433199
-973623
-999089
-561495
-392195
-94083
-699202
-226186
-661983
-920233
-277739
-509510
-268084
-135957
-740213
-154949
-698441
-221415
-305460
-273532
-793752
-981903
-585176
-346839
-473840
-267967
-497362
-572156
-917740
-642104
-927533
-883285
-820989
-561040
-583895
-916096
-16634
-738591
-561860
-875434
-422666
-942879
-879184
-925174
-928025
-407443
-184526
-726887
-192689
-122611
-852742
-59450
-27155
-777923
-502610
-737239
-444972
-180675
-125502
-93360
-435934
-561580
-657469
-729978
-829291
-259828
-186408
-72956
-214534
-562291
-816365
-683850
-568978
-11494
-756890
-413019
-150938
-587567
-350338
-295601
-180921
-894213
-848870
-788017
-505471
-429580
-735721
-460025
-675553
-351635
-111453
-357217
-450
-253823
-413557
-143872
-662860
-625147
-160950
-372271
-480985
-64532
-908372
-622628
-892332
-430468
-413339
-644727
-590457
-531886
-739629
-101311
-673375
-718078
-248342
-535639
-191584
-852984
-917327
-563054
-665875
-450531
-959090
-521726
-159883
-215342
-890542
-67096
-788304
-463089
-249934
-549577
-180095
-148247
-801758
-840408
-382827
-961659
-891218
-159303
-610773
-79858
-186670
-148527
-601026
-483807
-820002
-64288
-688942
-846100
-195608
-363339
-814927
-338121
-160703
-977471
-668274
-986256
-874466
-616904
-581004
-102907
-153364
-893483
-122424
-116420
-286471
-639104
-266743
-819405
-69257
-801383
-308577
-816326
-207543
-992639
-194333
-378639
-245949
-899741
-1733
-521131
-495951
-427573
-286876
-66774
-402403
-714636
-698384
-278185
-563467
-173577
-994777
-232207
-878409
-893058
-372265
-243967
-563717
-934019
-321604
-44227
-13094
-311751
-30203
-942361
-12624
-50638
-82292
-459146
-543971
-641710
-76727
-73816
-630094
-795629
-883999
-700785
-584485
-259439
-932566
-198626
-150314
-589238
-343411
-663730
-557703
-812696
-884199
-9903
-178608
-618184
-377806
-825474
-463051
-446732
-708522
-629486
-932857
-171154
-196099
-236550
-324405
-885455
-669146
-637490
-914384
-129495
-656631
-128467
-806292
-658075
-214686
-916570
-912608
-441962
-744986
-826232
-326466
-147144
-802423
-701275
-591165
-144475
-714991
-605557
-894344
-178989
-150252
-274189
-449643
-131016
-537125
-960516
-787782
-54540
-567418
-946004
-18541
-519929
-918813
-60699
-192511
-302408
-734352
-351143
-26936
-132136
-768245
-3420
-503019
-437243
-661632
-562901
-921895
-257424
-406247
-812271
-34782
-582546
-928428
-874000
-872122
-690937
-604428
-347040
-400750
-250337
-43720
-453737
-798969
-894503
-524811
-733673
-5749
-13105
-792509
-713596
-256532
-193925
-452555
-937333
-444947
-141997
-302489
-53821
-355921
-743503
-414922
-206770
-226445
-161768
-31929
-893292
-382695
-270505
-369172
-376278
-926445
-722055
-503155
-622433
-548599
-180604
-268380
-257790
-536723
-549295
-391571
-70487
-260549
-621033
-424192
-966610
-925027
-926673
-975674
-554517
-614
-827753
-499714
-952220
-269021
-604170
-791640
-14009
-313111
-102070
-342711
-883015
-338941
-441475
-326075
-995656
-973290
-435367
-695914
-102995
-471186
-761117
-544956
-195917
-17226
-676459
-720798
-186532
-350483
-838139
-11422
-941993
-630574
-706523
-513947
-636556
-714599
-746357
-992625
-530137
-649239
-246389
-696019
-381182
-958611
-461990
-525759
-578376
-45084
-221071
-268487
-122246
-398613
-6777
-633123
-34833
-362430
-796315
-613294
-682101
-447986
-872171
-605886
-356769
-376080
-602502
-981120
-430356
-546826
-124856
-216230
-119317
-851088
-364419
-149933
-514267
-877234
-870846
-876103
-485632
-117332
-883696
-761650
-442573
-494372
-854357
-522505
-527349
-681972
-620274
-452604
-646042
-800584
-701830
-832211
-216401
-50905
-347384
-284349
-214244
-37975
-62363
-17225
-445779
-880502
-196562
-172712
-862343
-624857
-834565
-568670
-912879
-998305
-928415
-863083
-513561
-318735
-283439
-223055
-284899
-848472
-596894
-661502
-136362
-459441
-88013
-229218
-870884
-630056
-644714
-370023
-350376
-459950
-170537
-992432
-829283
-903833
-228673
-821266
-887258
-671418
-497821
-380744
-992929
-746538
-446394
-180525
-423269
-463390
-55773
-133796
-75398
-839299
-731726
-943633
-10914
-498348
-359886
-395848
-400664
-994097
-515100
-677407
-601507
-688003
-599900
-521763
-411777
-458693
-607763
-565632
-301167
-761610
-345472
-198841
-686015
-502441
-657603
-801454
-406786
-78232
-259216
-453562
-319922
-371852
-424557
-63721
-495738
-473949
-752234
-495426
-580335
-496143
-779590
-708701
-559089
-301567
-910601
-609537
-708340
-102490
-760666
-430857
-746792
-156237
-941299
-476687
-622808
-289581
-749105
-392465
-648189
-524363
-509515
-256332
-20646
-345362
-230360
-891140
-999691
-875272
-234883
-258991
-845070
-609380
-328778
-345826
-735358
-906279
-118331
-477833
-725222
-696928
-1734
-586095
-432191
-309722
-68334
-883598
-590
-956772
-586957
-945069
-458627
-608481
-193356
-584692
-169944
-62050
-668265
-843517
-909173
-739528
-263193
-497947
-652687
-400178
-541752
-447579
-488304
-112933
-778674
-470789
-310186
-702249
-469047
-56312
-749736
-131327
-949400
-989057
-475531
-575752
-593853
-748591
-390819
-943153
-372382
-465266
-748399
-268931
-324596
-655177
-424777
-927298
-933482
-141305
-411656
-148564
-922778
-253184
-282683
-321692
-738887
-662643
-923270
-646030
-595
-731824
-528562
-132791
-814844
-967912
-858269
-611536
-118960
-733699
-168118
-209866
-52351
-927040
-850127
-165881
-692027
-356664
-151275
-875018
-260351
-356188
-16904
-138417
-313230
-399122
-531337
-105369
-697709
-293909
-139378
-689484
-858636
-644663
-446781
-510283
-595575
-310511
-614905
-965406
-483245
-598703
-226681
-214171
-534063
-150604
-210457
-22508
-111198
-960250
-999524
-118908
-672389
-418339
-916626
-404486
-975723
-419118
-588660
-906861
-221222
-144929
-314339
-834728
-683621
-821804
-768153
-658201
-575508
-829436
-56320
-814225
-754274
-758028
-992650
-402868
-267514
-980689
-320493
-135
-222951
-571483
-480047
-739807
-278187
-93150
-637440
-180925
-27596
-233485
-852472
-149055
-691405
-282977
-219211
-479708
-881526
-737007
-327186
-619766
-528384
-7386
-838481
-828529
-668446
-629571
-856060
-678701
-336050
-93493
-914844
-487855
-414935
-60901
-494231
-360320
-488524
-241664
-386959
-217332
-238883
-794348
-213149
-772331
-762337
-173079
-94305
-262593
-391136
-763192
-744026
-537297
-20997
-582564
-72487
-517339
-385495
-843020
-637318
-370935
-859798
-611366
-820633
-993455
-7669
-736144
-93839
-848141
-933753
-815166
-403136
-414638
-796073
-778166
-196104
-704301
-914628
-522642
-391772
-873250
-767314
-611533
-727798
-934791
-825608
-594454
-957753
-999556
-486222
-903297
-584847
-14644
-979816
-54123
-165465
-614554
-203535
-585328
-756018
-210001
-218440
-704923
-617095
-749073
-364612
-524254
-31682
-629722
-10071
-593136
-947185
-940084
-734861
-24867
-225245
-785733
-117345
-823273
-219773
-66385
-769276
-940758
-166460
-536658
-634202
-644218
-223382
-84570
-289760
-303690
-500568
-420033
-198543
-718396
-790684
-484371
-521716
-228263
-349128
-776375
-328101
-250581
-463369
-702046
-742749
-538227
-559713
-99574
-339805
-519605
-601995
-155259
-51638
-194102
-426943
-203785
-72408
-804055
-381596
-260586
-221907
-131301
-201137
-1253
-159453
-471249
-201442
-872226
-559104
-96630
-325914
-624229
-420788
-474500
-285864
-382644
-515405
-532815
-283830
-101678
-808851
-255659
-975577
-517346
-867654
-931529
-156299
-51348
-656292
-946782
-816639
-163457
-408763
-298851
-415526
-646818
-110160
-563280
-718149
-819284
-181272
-649292
-866251
-289507
-419403
-311095
-111117
-332462
-35820
-707405
-85319
-932173
-425939
-730137
-371733
-605607
-254755
-409734
-184608
-416678
-58628
-845086
-732347
-66418
-535486
-222115
-211068
-384014
-930419
-848045
-39445
-37768
-404438
-293181
-686142
-426599
-447605
-592552
-415245
-644758
-729458
-430013
-103166
-92818
-219746
-901259
-697000
-828555
-787481
-914061
-76287
-535673
-653695
-933057
-347279
-516479
-128833
-120101
-90512
-236267
-726709
-629702
-515310
-857177
-746935
-345715
-283510
-366035
-336723
-884180
-473066
-384466
-264611
-958760
-192118
-687036
-31364
-950764
-838802
-374478
-522279
-975007
-300367
-433067
-559748
-650196
-305543
-893105
-260226
-812925
-323249
-165721
-357951
-348402
-167578
-107951
-974789
-662439
-679370
-139223
-363015
-554468
-959346
-783569
-534824
-790035
-940746
-417524
-516748
-552267
-774899
-12271
-58175
-655385
-644710
-672527
-1722
-797250
-604326
-179203
-151999
-186767
-31565
-562662
-606509
-597108
-840602
-893681
-255031
-978982
-928333
-909312
-606792
-670587
-892971
-574941
-343234
-112429
-62955
-336938
-426219
-150373
-656623
-595124
-890995
-575465
-466897
-725230
-219132
-171837
-234021
-645376
-808398
-800646
-614927
-30502
-111393
-831174
-516490
-30120
-294149
-890180
-761111
-675423
-682651
-661612
-567692
-556541
-286402
-576550
-458785
-210058
-701618
-986122
-556957
-247745
-512037
-827544
-948175
-724868
-875257
-257018
-188488
-605451
-214711
-55266
-422976
-796559
-388658
-71538
-160672
-39370
-296132
-777777
-140512
-922769
-190535
-423904
-790441
-425639
-457087
-780452
-456981
-337999
-969901
-531176
-694192
-688332
-656232
-51953
-9120
-534404
-418086
-212319
-93054
-176264
-862476
-848813
27676
